# 2MPZ (analysis version) dn/dz, obtained by running aux-dndz.py (SDSS-DR8 params: zmin=0.05, zmax=0.4)
# Col 0: zmin
# Col 1: zmax
# Col 2: n
# Col 3: sigma_n
0.0 0.018091321 775.363833687185 1275.2109790483623
0.018091321 0.035706237 4829.352776878671 3093.8124980429125
0.035706237 0.053321157 9905.635927322905 3909.542368699931
0.053321157 0.07093608 15174.837276945416 4341.648097649022
0.07093608 0.08855099 15774.630785232473 3551.812239837248
0.08855099 0.10616591 11849.828136133583 2206.3199908973147
0.10616591 0.123780824 8227.936588040384 1309.4708876528302
0.123780824 0.14139575 5639.412358122153 785.5737929983903
0.14139575 0.15901066 3744.557010198266 464.7761825875611
0.15901066 0.17662558 2471.6413924058807 277.1740014291983
0.17662558 0.1942405 1658.8750507147438 169.95735505389072
0.1942405 0.21185541 1056.8669202432432 99.83183710538805
0.21185541 0.22947033 664.6327244649592 58.32579925649633
0.22947033 0.24708526 366.1508678281597 30.045066770934717
0.24708526 0.26470017 198.70082377099394 15.330390152477332
0.26470017 0.28231508 98.42765264197841 7.174623790284267
0.28231508 0.3 50.690241110618885 3.5056117622255627
