# DESI-ELG (DR8) dn/dz, obtained by running aux-dndz.py (SDSS-DR8 params: zmin=0.05, zmax=0.4)
# Col 0: zmin
# Col 1: zmax
# Col 2: n
# Col 3: sigma_n
0.6 0.6400160759687423 1286.6414303853246 115.28322297567954
0.6400160759687423 0.680014306306839 1931.417622309192 166.41768228328715
0.680014306306839 0.7200125366449356 3539.7194102908475 294.37125680648614
0.7200125366449356 0.7600107669830323 6261.460897644419 504.2053276302636
0.7600107669830323 0.8000089973211288 13105.112487770884 1024.759249723377
0.8000089973211288 0.8400072276592254 46678.59424647935 3553.5123677967986
0.8400072276592254 0.880005457997322 119646.00921198554 8887.739094107303
0.880005457997322 0.9200036883354187 237845.2745531532 17275.660511014645
0.9200036883354187 0.9600019186735154 393512.8773857342 27999.681961708575
0.9600019186735154 1.000000149011612 605398.268961113 42268.814511505225
1.000000149011612 1.0399983793497085 892150.4726362205 61216.06269370704
1.0399983793497085 1.079996609687805 1205711.1022233951 81418.53556138935
1.079996609687805 1.1199948400259019 1394719.3105376917 92804.98561422939
1.1199948400259019 1.1599930703639982 1370517.6434512131 89966.00259648007
1.1599930703639982 1.199991300702095 999491.8815625979 64795.563688966984
1.199991300702095 1.2399895310401916 354490.09074539377 22717.870251875225
1.2399895310401916 1.2799877613782882 65289.775208399195 4139.974636659756
1.2799877613782882 1.319985991716385 17816.490666681853 1118.7283070298408
1.319985991716385 1.3599842220544813 3992.372673695639 248.43733316600475
1.3599842220544813 1.4 1301.1961976973757 80.30086816749152
