# 2MPZ dn/dz, obtained by running aux-dndz.py (SDSS-DR8 params: zmin=0.05, zmax=0.4)
# Col 0: zmin
# Col 1: zmax
# Col 2: n
# Col 3: sigma_n
0.0 0.009269424221094918 512.9863672990946 2220.168177613382
0.009269424221094918 0.03375264810507789 7373.141062904321 4682.873000343214
0.03375264810507789 0.058235871989060856 19700.38338338506 6155.217816152904
0.058235871989060856 0.08271909587304382 28763.565414455057 5974.356386092911
0.08271909587304382 0.10720231975702679 21871.464400562545 3420.59362032452
0.10720231975702679 0.13168554364100976 13099.489783483154 1650.8524480553465
0.13168554364100976 0.15616876752499273 7587.19292839603 804.0750616329236
0.15616876752499273 0.1806519914089757 4245.1697828040415 389.59443058514387
0.1806519914089757 0.20513521529295867 2368.640740015469 192.31857142588896
0.20513521529295867 0.22961843917694164 1259.3999844663024 91.95667561627585
0.22961843917694164 0.25410166306092463 571.4585094350301 38.009422422972065
0.25410166306092463 0.2785848869449076 233.54257953702037 14.298113608519005
0.2785848869449076 0.3030681108288905 89.95714174759303 5.113100381073301
0.3030681108288905 0.3275513347128735 39.904065441881016 2.1209615296571442
0.3275513347128735 0.3520345585968565 14.64686795121066 0.7324751379837766
0.3520345585968565 0.37651778248083945 5.420494438637016 0.2563987360629709
0.37651778248083945 0.4010010063648224 1.7299450336075584 0.0777565049446459
