# DESI-LRG (DR8) dn/dz, obtained by running aux-dndz.py (SDSS-DR8 params: zmin=0.05, zmax=0.4)
# Col 0: zmin
# Col 1: zmax
# Col 2: n
# Col 3: sigma_n
0.2 0.24864623695611954 441.4847367103475 54.05479692677002
0.24864623695611954 0.29650305211544037 13694.775773351921 1419.8769636827908
0.29650305211544037 0.3443598672747612 61577.69884073685 5579.504965323068
0.3443598672747612 0.39221668243408203 64255.54604709428 5205.5897133485505
0.39221668243408203 0.44007349759340286 77992.720507051 5747.775656422394
0.44007349759340286 0.4879303127527237 88228.97484449671 5995.292529903439
0.4879303127527237 0.5357871279120445 93848.48330719702 5944.135545203775
0.5357871279120445 0.5836439430713654 102003.83702587993 6075.70438786677
0.5836439430713654 0.6315007582306862 120475.53149003985 6798.413211622359
0.6315007582306862 0.679357573390007 141118.98090140143 7591.547342700784
0.679357573390007 0.7272143885493279 138859.73660088825 7159.236259209307
0.7272143885493279 0.7750712037086487 141053.02738890506 7001.7464671511925
0.7750712037086487 0.8229280188679695 164741.1062955069 7904.690779233032
0.8229280188679695 0.8707848340272903 185805.85059281465 8647.863984189187
0.8707848340272903 0.9186416491866112 117598.47775614238 5325.287386729577
0.9186416491866112 0.966498464345932 55390.182576537256 2447.0186888724625
0.966498464345932 1.0143552795052528 24864.474211128807 1074.2042722394663
1.0143552795052528 1.0622120946645737 11745.109184556379 497.27318167791555
1.0622120946645737 1.1100689098238945 3908.7551079477103 162.49378655283607
1.1100689098238945 1.2 309.5777117176217 12.658249660082175
