# WISExSCOS dn/dz, obtained by running aux-dndz.py (SDSS-DR8 params: zmin=0.05, zmax=0.4)
# Col 0: zmin
# Col 1: zmax
# Col 2: n
# Col 3: sigma_n
0.0 0.0250002 1922.029631467312 1964.6406485445775
0.0250002 0.049998400000000005 14954.069395378678 5838.299453647638
0.049998400000000005 0.07499660000000001 44191.706614270435 10597.274264683443
0.07499660000000001 0.09999480000000001 86817.03769716977 15104.158761665249
0.09999480000000001 0.124993 119324.69598234964 16373.812474865363
0.124993 0.14999120000000002 127004.82788983076 14453.696178215207
0.14999120000000002 0.17498940000000002 112016.19141174099 10933.083750938133
0.17498940000000002 0.19998760000000002 81312.0113913297 6971.7143448719735
0.19998760000000002 0.2249858 50491.651031553636 3872.1779831882936
0.2249858 0.249984 33700.908988730735 2344.371913892647
0.249984 0.2749822 31204.59157879228 1991.3095975744006
0.2749822 0.29998040000000004 39365.542871421014 2325.8164629268076
0.29998040000000004 0.3249786 46243.6435854571 2549.121687961754
0.3249786 0.34997680000000003 36093.89952327282 1868.448119998295
0.34997680000000003 0.374975 20978.725060096174 1025.5623675917677
0.374975 0.39997320000000003 10688.092057908865 495.81918142159697
0.39997320000000003 0.42497140000000005 5138.016232723259 227.14353929999672
0.42497140000000005 0.4499696 2285.7951408639624 96.6604126825016
0.4499696 0.47496780000000005 932.562487725959 37.84765977312766
0.47496780000000005 0.5 314.8474717693824 12.299890481496517
