# DESI-BGS (DR8) dn/dz, obtained by running aux-dndz.py (SDSS-DR8 params: zmin=0.05, zmax=0.4)
# Col 0: zmin
# Col 1: zmax
# Col 2: n
# Col 3: sigma_n
0.0 0.033480137074366215 10573.424845207728 16255.970899812117
0.033480137074366215 0.0632969512604177 62540.08172716338 40562.515412046356
0.0632969512604177 0.09311376544646918 155740.47082482983 64010.299468924524
0.09311376544646918 0.12293057963252067 273613.5305513652 82875.7503036363
0.12293057963252067 0.15274739381857216 332865.3585840671 80329.02779303446
0.15274739381857216 0.18256420800462364 388567.1378573984 78356.46100270192
0.18256420800462364 0.21238102219067514 433177.9591109332 75377.14178162071
0.21238102219067514 0.24219783637672662 447254.32306372834 68730.9310401471
0.24219783637672662 0.2720146505627781 444617.52855392476 61405.30551037966
0.2720146505627781 0.3018314647488296 335078.8392228481 42162.853536790426
0.3018314647488296 0.3316482789348811 274837.0355076753 31856.43153188891
0.3316482789348811 0.36146509312093256 227712.57783399857 24534.03464313605
0.36146509312093256 0.39128190730698403 174515.6860454781 17609.760261925185
0.39128190730698403 0.42109872149303557 142346.52382786438 13538.83886301677
0.42109872149303557 0.45091553567908704 100739.279373016 9081.003011267756
0.45091553567908704 0.4807323498651385 59714.848610227345 5126.086742253745
0.4807323498651385 0.51054916405119 38075.36656116558 3125.546392754059
0.51054916405119 0.5403659782372415 24947.925594287473 1965.5771533564512
0.5403659782372415 0.570182792423293 15023.267953635805 1139.751494402311
0.570182792423293 0.6 8002.583847900522 586.3146137094682
